((("kbd" .
   [1 0 0])
  ("global-set-key" .
   [1 0 0 0 0 0 0 0 0 0 0 0 0 0])
  ("end-of-line" .
   [1 0 0 0 0 0 0 0 0 0 0])
  ("beginning-of-line" .
   [0 0 0 0 0 0 0 0 0 1 0 0 0 0 0 0 0])
  ("emacs-lisp-mode" .
   [0 0 0 0 0 0 0 0 0 0 1 0 0 0 0])
  ("auto-mode-alist" .
   [0 0 0 0 0 0 0 0 0 0 0 0 0 0 1])
  ("add-to-list" .
   [0 0 0 0 0 0 0 0 0 0 1])
  ("Add" .
   [1 0 0])
  ("_display" .
   [1 0 0 0 0 0 0 0])
  ("each" .
   [4 0 0 0])
  ("key" .
   [4 0 1])
  ("for" .
   [4 0 0])
  ("in" .
   [4 0])
  ("table" .
   [1 0 0 0 0])
  ("displaying" .
   [1 0 0 0 0 0 0 0 0 0])
  ("sorting" .
   [1 0 0 0 0 0 0])
  ("type" .
   [3 0 0 0])
  ("undefined" .
   [2 0 0 0 0 0 0 0 0])
  ("return" .
   [2 0 0 0 0 0])
  ("This" .
   [3 0 0 0])
  ("used" .
   [1 0 0 0])
  ("to" .
   [5 0])
  ("data" .
   [10 0 0 1])
  ("s" .
   [1])
  ("set" .
   [3 0 0])
  ("display" .
   [1 0 0 0 0 0 0])
  ("the" .
   [5 0 0])
  ("version" .
   [1 0 0 0 0 0 0])
  ("as" .
   [2 0])
  ("function" .
   [6 0 0 0 0 0 0 0])
  ("from" .
   [1 0 0 0])
  ("visual" .
   [1 0 0 0 0 0])
  ("will" .
   [1 0 0 0])
  ("be" .
   [1 0])
  ("done" .
   [1 0 0 0])
  ("correctly" .
   [1 0 0 0 0 0 0 0 0])
  ("Show" .
   [1 0 0 0])
  ("default" .
   [3 0 0 0 0 0 0])
  ("columns" .
   [2 0 0 0 0 0 0])
  ("you" .
   [1 0 0])
  ("want" .
   [1 0 0 0])
  ("by" .
   [1 0])
  ("aggregatedData" .
   [0 0 0 0 0 0 0 1 0 0 0 0 0 0])
  ("and" .
   [1 0 0])
  ("averages" .
   [1 0 0 0 0 0 0 0])
  ("FIXME" .
   [1 0 0 0 0])
  ("if" .
   [3 0])
  ("metric" .
   [1 0 0 0 0 0])
  ("indexOf" .
   [0 0 0 0 1 0 0])
  ("avg" .
   [3 0 0])
  ("-1" .
   [1 0])
  ("else" .
   [2 0 0 0])
  ("length" .
   [1 0 0 0 0 0])
  ("column" .
   [2 0 0 0 0 0])
  ("helper" .
   [2 0 0 0 0 0])
  ("rendering" .
   [0 0 0 0 0 0 0 0 1])
  ("cellspacing" .
   [0 0 0 0 1 0 0 0 0 0 0])
  ("a" .
   [1])
  ("contains" .
   [1 0 0 0 0 0 0 0])
  ("use" .
   [2 0 0])
  ("renderAvgValue" .
   [0 0 0 0 0 0 1 0 0 0 0 0 0 0])
  ("normal" .
   [1 0 0 0 0 0])
  ("one" .
   [1 0 0])
  ("sort" .
   [1 0 0 0])
  ("option" .
   [2 0 0 0 0 0])
  ("sets" .
   [1 0 0 0])
  ("raw" .
   [1 0 0])
  ("instead" .
   [1 0 0 0 0 0 0])
  ("of" .
   [1 0])
  ("i" .
   [1])
  ("f" .
   [2])
  ("dataSrc" .
   [2 0 0 0 0 0 0])
  ("returns" .
   [1 0 0 0 0 0 0])
  ("that" .
   [1 0 0 0])
  ("filter" .
   [1 0 0 0 0 0])
  ("c" .
   [1])
  ("values" .
   [1 0 0 0 0 0])))
